1000000
1000000
1000000
1000000
1000000
1000000
1000000
1000000
1000000
1000000
278
278
278
1000000
1000000
1000000
1000000
1000000
1000000
278
184
67
1000000
1000000
1000000
1000000
1000000
1000000
278
184
184
1000000
1000000
1000000
1000000
1000000
1000000
278
67
184
1000000
1000000
1000000
1000000
1000000
1000000
1000000
1000000
1000000
1000000
1000000
1000000
1000000
1000000
1000000
1000000
1000000
1000000
1000000
1000000
1000000
1000000
1000000
1000000
1000000
1000000
1000000
1000000
1000000
1000000
1000000
1000000
1000000
1000000
1000000
1000000
1000000
1000000
1000000
1000000
1000000
1000000
1000000
1000000
1000000
1000000
1000000
1000000
1000000
1000000
