32 14 13
58 76 110
84 123 6
112 94 96
144 54 101
170 33 90
203 46 78
233 97 48
265 26 93
291 75 23
320 40 13
345 52 62
379 96 98
405 71 91
431 122 91
464 65 29
498 27 78
523 40 15
557 88 91
582 55 6
609 80 63
640 77 123
669 15 64
698 57 11
730 109 76
757 8 20
785 64 117
818 63 74
852 115 75
881 54 83
913 89 70
945 2 48
976 24 0
1007 55 106
1035 76 81
1060 114 111
1092 117 6
1121 91 55
1154 17 73
1184 51 89
1216 6 46
1249 113 36
1281 27 79
1313 66 52
1345 37 25
1378 32 24
1411 55 47
1437 92 73
1465 85 79
1498 33 76
1528 5 53
1560 44 106
1586 102 111
1617 17 104
1646 2 90
1677 57 108
1707 43 121
1739 87 101
1769 24 20
1801 29 28
1826 119 54
1855 98 109
1888 15 69
1915 87 75
1944 92 37
1973 87 21
1998 104 74
2025 57 108
2059 58 114
2091 24 49
2124 49 8
2152 78 18
2182 30 41
2214 6 41
2239 25 123
2270 122 106
2298 46 33
2332 35 2
2362 102 28
2387 87 51
2420 18 103
2450 35 102
2477 16 15
2502 29 75
2533 6 124
2565 16 22
2593 34 121
2627 10 42
2660 84 61
2691 97 119
2724 71 121
2756 114 63
2789 88 14
2820 62 6
2850 92 77
2881 65 124
2909 10 60
2938 116 56
2965 53 69
2990 57 15
3022 32 107
3054 13 26
3081 16 87
3114 21 9
3140 85 66
3165 96 64
3199 100 115
3229 90 101
3261 114 14
3288 77 39
3319 35 12
3352 12 28
3380 52 44
3409 87 120
3435 48 24
3465 2 89
3494 116 18
3525 100 5
3554 112 15
3587 32 92
3616 76 1
3641 77 112
3673 97 44
3702 11 14
3734 124 26
3766 118 68
3791 71 2
3816 26 55
3846 47 3
3873 99 29
3906 63 11
3931 111 115
3961 109 9
3991 10 34
4022 27 57
4048 101 30
4073 6 43
4106 39 121
4135 119 91
4164 96 95
4191 50 38
4218 99 101
4247 13 110
4274 65 113
4307 105 81
4341 112 88
4371 54 116
4397 75 84
4423 22 95
4448 114 115
4481 69 106
4514 93 2
4540 85 33
4573 34 42
4602 82 24
4631 89 124
4660 115 114
4692 105 107
4719 14 92
4751 32 39
4778 114 46
4804 35 112
4832 89 72
4858 15 54
4886 52 118
4920 92 112
4948 67 44
4978 82 45